24.257 
1.32,4.61,23.76257 90.38854,24.44,

1.29,4.51,23.76257 90.38854,24.44,

1.36,4.75,23.76257 90.38854,24.44,

1.34,4.70,234Ah257 23.76257 90.38854,24.44,
24.37,
0.00,0.00,23.76258 90.38854,24.37,
0.00,0.00,23.76258 90.38854,24.37,
0.00,0.00,23.76258 90.38854,24.37,
0.02,0.09,23.76258 90.38854,24.37,
0.08,0.29,23.76258 90.38854,24.37,
0.18,0.61,23.76258 90.38854,24.37,
0.28,0.97,23.76258 90.38854,24.44,
0.34,1.19,23.76258 90.38854,24.44,
0.42,1.48,23.76258 90.38854,24.37,
0.49,1.70,23.76258 90.38854,24.44,
0.49,1.70,23.76257 90.38854,24.44,
0.49,1.70,23.76257 90.38854,24.44,
0.49,1.70,23.76257 90.38854,24.44,
0.49,1.70,23.76257 90.38854,24.44,
0.57,1.99,23.76257 90.38854,24.44,
0.66,2.31,23.76257 90.38854,24.44,
0.76,2.67,23.76257 90.38854,24.44,
